0
1
2
3
10
11
16
-1
2147483647
-2147483648
597
255
-1
0
0
0
1
0
1
3
0
0
0
0
2147483647
-2147483648
0
2147483647
-2147483648
2147483647
2147483647
2147483647
2147483647
2147483647
2147483647
2147483647
-2147483648
-2147483648
-2147483648
2147483647
-2147483648
0
2147483647
-2147483648
2147483647
2147483647
2147483647
2147483647
2147483647
2147483647
2147483647
-2147483648
-2147483648
-2147483648
0
0
0
0
0
0
0
0
0
0
0
0
0
2147483647
-2147483648
0
2147483647
-2147483648
2147483647
2147483647
2147483647
2147483647
2147483647
2147483647
2147483647
-2147483648
-2147483648
-2147483648
2147483647
-2147483648
0
2147483647
-2147483648
2147483647
2147483647
2147483647
2147483647
2147483647
2147483647
2147483647
-2147483648
-2147483648
-2147483648
0
0
0
0
0
0
0
0
0
0
0
0
0
0
